start=810.250000
pause=yes
volume=56.000000
sid=19
