start=952.621000
pause=yes
volume=86.000000
