start=2137.104943
speed=2.000000
pause=yes
